	lat	long	pressure	depth (m)	sigmat	Salinity	temp				oxygen (uM)	oxygen (ml/L)		
438.653	17.68328	-102.35006	161.025	160	26.3191	34.8235	12.7057	0.3936	3.20E-01	2.87E-02	-0.242	0.2177	0.0864	0.00E+00
519.229	17.6833	-102.35006	160.018	159	26.3196	34.8234	12.7027	0.3944	3.22E-01	2.74E-02	-0.381	0.2024	0.0002	0.00E+00
520.159	17.6833	-102.35006	159.011	158	26.3191	34.8233	12.7049	0.3941	3.19E-01	2.75E-02	-0.384	0.2034	0.0037	0.00E+00
521.12	17.6833	-102.35006	158.005	157	26.3188	34.8233	12.7061	0.3935	3.27E-01	2.74E-02	-0.383	0.2038	0.0038	0.00E+00
522.018	17.6833	-102.35006	156.998	156	26.3186	34.8235	12.7077	0.3927	3.24E-01	2.75E-02	-0.383	0.2038	0.0037	0.00E+00
523.174	17.6833	-102.35006	155.991	155	26.3177	34.8236	12.7124	0.3938	3.22E-01	2.77E-02	-0.383	0.2036	0.0037	0.00E+00
525.402	17.6833	-102.35006	154.984	154	26.3172	34.8238	12.7153	0.3932	3.22E-01	2.79E-02	-0.386	0.2013	0.0037	0.00E+00
527.438	17.68331	-102.35006	153.978	153	26.315	34.8235	12.725	0.3931	3.22E-01	2.80E-02	-0.396	0.2017	0.0037	0.00E+00
529.674	17.6833	-102.35006	152.971	152	26.3123	34.8234	12.7384	0.3948	3.20E-01	2.82E-02	-0.389	0.1985	0.0495	0.00E+00
531.3	17.6833	-102.35006	151.964	151	26.3175	34.8242	12.7151	0.395	4.25E-01	2.82E-02	-0.43	0.2045	0.0984	0.00E+00
532.343	17.6833	-102.35006	150.957	150	26.3126	34.8244	12.7408	0.3939	3.27E-01	2.82E-02	-0.346	0.2028	0.0968	0.00E+00
533.266	17.6833	-102.35006	149.951	149	26.3092	34.8241	12.7567	0.394	3.18E-01	2.83E-02	-0.427	0.2033	0.0969	0.00E+00
534.278	17.6833	-102.35006	148.944	148	26.3069	34.8243	12.7693	0.3939	3.23E-01	2.85E-02	-0.467	0.2041	0.0971	0.00E+00
535.528	17.6833	-102.35006	147.937	147	26.3062	34.8248	12.774	0.3943	3.21E-01	2.88E-02	-0.331	0.2008	0.0971	0.00E+00
536.85	17.68331	-102.35006	146.93	146	26.3068	34.825	12.7717	0.394	3.20E-01	2.89E-02	-0.411	0.2012	0.0968	0.00E+00
538.202	17.68332	-102.35006	145.924	145	26.3088	34.8279	12.7726	0.3945	3.26E-01	2.89E-02	-0.413	0.2022	0.097	0.00E+00
539.49	17.68332	-102.35006	144.917	144	26.305	34.826	12.7842	0.3939	3.30E-01	2.89E-02	-0.441	0.1992	0.0969	0.00E+00
540.535	17.68332	-102.35006	143.91	143	26.3001	34.8259	12.8087	0.3939	3.25E-01	2.91E-02	-0.409	0.2071	0.0968	0.00E+00
541.45	17.68332	-102.35006	142.903	142	26.2938	34.8265	12.8427	0.3942	3.28E-01	2.95E-02	-0.477	0.2111	0.0967	0.00E+00
542.455	17.68332	-102.35006	141.897	141	26.2865	34.8269	12.8807	0.3943	3.27E-01	2.96E-02	-0.393	0.206	0.097	0.00E+00
544.057	17.68332	-102.35006	140.89	140	26.2869	34.8262	12.8763	0.3945	3.26E-01	3.00E-02	-0.457	0.1987	0.0968	0.00E+00
545.442	17.68332	-102.35006	139.883	139	26.2887	34.8299	12.8814	0.3943	3.31E-01	3.03E-02	-0.348	0.1975	0.097	0.00E+00
546.253	17.68332	-102.35006	138.876	138	26.2833	34.8276	12.899	0.394	3.39E-01	3.04E-02	-0.365	0.2115	0.0967	0.00E+00
546.973	17.68332	-102.35006	137.87	137	26.2772	34.8284	12.9327	0.3947	3.37E-01	3.05E-02	-0.534	0.2055	0.0966	0.00E+00
547.752	17.68332	-102.35006	136.863	136	26.2691	34.8282	12.9725	0.395	3.40E-01	3.09E-02	-0.361	0.2086	0.0968	0.00E+00
548.716	17.68332	-102.35006	135.857	135	26.267	34.8289	12.9851	0.395	3.42E-01	3.11E-02	-0.323	0.2021	0.097	0.00E+00
549.901	17.68332	-102.35006	134.85	134	26.2683	34.829	12.9794	0.3953	3.41E-01	3.14E-02	-0.528	0.1973	0.0968	0.00E+00
551.179	17.68332	-102.35006	133.843	133	26.2736	34.83	12.9562	0.395	3.42E-01	3.18E-02	-0.536	0.1998	0.0967	0.00E+00
552.294	17.68332	-102.35006	132.837	132	26.2712	34.8289	12.9643	0.395	3.36E-01	3.20E-02	-0.326	0.2068	0.097	0.00E+00
553.221	17.68332	-102.35006	131.83	131	26.2614	34.8295	13.0152	0.3956	3.40E-01	3.26E-02	-0.506	0.2037	0.0968	0.00E+00
554.131	17.68332	-102.35006	130.823	130	26.2562	34.8297	13.042	0.395	3.49E-01	3.30E-02	-0.496	0.2047	0.0969	0.00E+00
555.173	17.68332	-102.35006	129.817	129	26.2519	34.8293	13.0615	0.395	3.48E-01	3.33E-02	-0.482	0.2046	0.0969	0.00E+00
556.402	17.68332	-102.35006	128.81	128	26.2515	34.8302	13.0665	0.3952	3.50E-01	3.38E-02	-0.367	0.2004	0.097	0.00E+00
557.514	17.68332	-102.35006	127.803	127	26.2552	34.8314	13.0528	0.395	3.52E-01	3.42E-02	-0.426	0.2058	0.0969	0.00E+00
558.477	17.68332	-102.35006	126.797	126	26.2495	34.8304	13.0774	0.3955	3.60E-01	3.48E-02	-0.558	0.2024	0.0967	0.00E+00
559.495	17.68332	-102.35006	125.79	125	26.2454	34.8301	13.0964	0.3967	3.69E-01	3.55E-02	-0.501	0.2101	0.0538	0.00E+00
560.617	17.68332	-102.35006	124.783	124	26.2408	34.8312	13.1233	0.3971	3.69E-01	3.61E-02	-0.57	0.2084	0.004	0.00E+00
561.698	17.68332	-102.35006	123.777	123	26.2381	34.8297	13.1301	0.399	3.70E-01	3.65E-02	-0.332	0.2011	0.0037	0.00E+00
562.693	17.68332	-102.35006	122.77	122	26.2382	34.8302	13.1321	0.3971	3.72E-01	3.75E-02	-0.391	0.2039	0.0037	0.00E+00
563.621	17.68332	-102.35006	121.763	121	26.2304	34.8293	13.1668	0.3974	3.75E-01	3.81E-02	-0.574	0.2085	0.0037	0.00E+00
564.537	17.68332	-102.35006	120.757	120	26.2278	34.8295	13.1804	0.3975	3.79E-01	3.90E-02	-0.628	0.2024	0.0037	0.00E+00
565.516	17.68332	-102.35006	119.751	119	26.2265	34.8298	13.1878	0.3971	3.79E-01	3.98E-02	-0.343	0.204	0.0037	0.00E+00
566.62	17.68332	-102.35006	118.744	118	26.2217	34.8287	13.2068	0.3964	3.86E-01	4.09E-02	-0.517	0.2027	0.0037	0.00E+00
567.761	17.68332	-102.35006	117.737	117	26.225	34.8288	13.1915	0.3963	3.92E-01	4.20E-02	-0.431	0.2084	0.0037	0.00E+00
568.79	17.68332	-102.35006	116.73	116	26.2226	34.8305	13.2098	0.3966	3.94E-01	4.31E-02	-0.54	0.2015	0.0037	0.00E+00
569.838	17.68332	-102.35006	115.724	115	26.2143	34.8297	13.2469	0.397	4.07E-01	4.45E-02	-0.513	0.2026	0.0037	0.00E+00
571.17	17.68332	-102.35006	114.717	114	26.209	34.8269	13.263	0.3973	4.24E-01	4.58E-02	-0.46	0.211	0.0037	0.00E+00
572.458	17.68332	-102.35006	113.71	113	26.2031	34.8299	13.3029	0.3974	4.31E-01	4.72E-02	-0.567	0.1973	0.0037	0.00E+00
573.345	17.68332	-102.35006	112.704	112	26.1879	34.8276	13.3682	0.3972	4.49E-01	4.85E-02	-0.583	0.2186	0.0037	0.00E+00
574.082	17.68332	-102.35006	111.698	111	26.1801	34.8274	13.4061	0.398	4.61E-01	5.01E-02	-0.475	0.2143	0.0037	0.00E+00
574.819	17.68332	-102.35006	110.691	110	26.169	34.8255	13.453	0.3988	4.90E-01	5.17E-02	-0.523	0.2079	0.0037	0.00E+00
575.803	17.68332	-102.35006	109.685	109	26.1711	34.8264	13.4462	0.3987	5.07E-01	5.38E-02	-0.448	0.2064	0.0037	0.00E+00
577.267	17.68332	-102.35006	108.678	108	26.1813	34.829	13.4057	0.3988	5.05E-01	5.60E-02	-0.428	0.2017	0.0037	0.00E+00
578.795	17.68332	-102.35006	107.672	107	26.1878	34.83	13.3778	0.3985	5.10E-01	5.82E-02	-0.552	0.202	0.0037	0.00E+00
580.14	17.68332	-102.35006	106.665	106	26.1809	34.8306	13.4136	0.3986	5.21E-01	6.08E-02	-0.58	0.2001	0.0037	0.00E+00
581.64	17.68332	-102.35006	105.658	105	26.1735	34.8282	13.4407	0.3996	5.61E-01	6.38E-02	-0.525	0.2013	0.0037	0.00E+00
583.086	17.68332	-102.35006	104.652	104	26.1351	34.821	13.5999	0.3988	6.15E-01	6.70E-02	-0.537	0.2104	0.0037	0.00E+00
584.535	17.68332	-102.35006	103.645	103	26.138	34.8228	13.5922	0.3996	6.60E-01	7.06E-02	-0.52	0.2145	0.0037	0.00E+00
586.83	17.68332	-102.35006	102.639	102	26.1353	34.8247	13.6127	0.4008	6.48E-01	7.44E-02	-0.544	0.1975	0.0037	0.00E+00
589.332	17.68332	-102.35006	101.632	101	26.0836	34.815	13.8257	0.4029	5.88E-01	7.82E-02	-0.506	0.1951	0.0383	0.00E+00
590.808	17.68332	-102.35006	100.626	100	26.0898	34.8147	13.7941	0.4038	8.57E-01	8.31E-02	-0.518	0.2152	0.0929	0.00E+00
656.498	17.68332	-102.35006	99.619	99	26.0326	34.8028	14.0246	0.4117	1.61E+00	9.04E-02	-0.535	0.1937	0.097	0.00E+00
652.869	17.68332	-102.35006	98.613	98	26.0327	34.8029	14.0241	0.4127	1.43E+00	9.55E-02	-0.553	0.1972	0.0969	0.00E+00
654.5	17.68332	-102.35006	97.607	97	26.027	34.8017	14.0464	0.4127	1.85E+00	1.02E-01	-0.527	0.1978	0.097	0.00E+00
657.555	17.68332	-102.35006	96.6	96	26.0291	34.8036	14.0436	0.4132	2.06E+00	1.10E-01	-0.538	0.1941	0.0968	0.00E+00
660.527	17.68332	-102.35004	95.594	95	26.02	34.8004	14.0748	0.4143	1.67E+00	1.18E-01	-0.56	0.1913	0.0968	0.00E+00
661.969	17.68332	-102.35004	94.587	94	26.0203	34.8007	14.0745	0.4148	1.83E+00	1.27E-01	-0.532	0.1957	0.0969	0.00E+00
664.109	17.68332	-102.35005	93.58	93	26.0112	34.7992	14.1116	0.4135	2.28E+00	1.36E-01	-0.561	0.1959	0.0968	0.00E+00
667.532	17.68332	-102.35004	92.574	92	26.014	34.8002	14.1022	0.4152	2.23E+00	1.47E-01	-0.533	0.1931	0.0969	0.00E+00
672.026	17.68332	-102.35004	91.568	91	26.007	34.7992	14.1313	0.4167	1.94E+00	1.60E-01	-0.586	0.1917	0.0969	0.00E+00
679.445	17.68332	-102.35004	90.561	90	25.988	34.7966	14.2121	0.4194	2.14E+00	1.73E-01	-0.528	0.1911	0.0697	0.00E+00
727.923	17.68332	-102.35004	89.555	89	25.9698	34.7966	14.2974	0.4258	2.37E+00	1.91E-01	-0.602	0.187	0.0902	0.00E+00
732.526	17.68332	-102.35004	88.548	88	25.9695	34.7965	14.2981	0.426	2.10E+00	2.06E-01	-0.624	0.1896	0.0968	0.00E+00
735.073	17.68334	-102.35004	87.542	87	25.9646	34.796	14.319	0.4263	2.58E+00	2.26E-01	-0.672	0.1876	0.0968	0.00E+00
737.317	17.68333	-102.35004	86.536	86	25.9622	34.7961	14.3312	0.4263	2.29E+00	2.49E-01	-0.656	0.1867	0.097	0.00E+00
739.445	17.68332	-102.35004	85.529	85	25.9477	34.7945	14.3928	0.4279	2.75E+00	2.78E-01	-0.704	0.192	0.031	0.00E+00
741.554	17.68332	-102.35004	84.522	84	25.9283	34.7922	14.4754	0.4289	2.57E+00	3.04E-01	-0.629	0.2026	0.0035	0.00E+00
743.286	17.68332	-102.35004	83.516	83	25.9223	34.7946	14.5115	0.4302	2.60E+00	3.31E-01	-0.702	0.1977	0.0037	0.00E+00
745.704	17.68332	-102.35004	82.51	82	25.8707	34.7863	14.7216	0.4341	3.06E+00	3.61E-01	-0.477	0.1876	0.0037	0.00E+00
751.464	17.68332	-102.35004	81.503	81	25.8399	34.7816	14.845	0.4418	3.17E+00	3.99E-01	-0.451	0.1942	0.0037	0.00E+00
758.33	17.68332	-102.35004	80.497	80	25.8083	34.7792	14.982	0.4376	3.21E+00	4.40E-01	-0.494	0.1941	0.0037	0.00E+00
821.38	17.68331	-102.35005	79.491	79	25.7975	34.7807	15.0363	0.4358	2.77E+00	4.82E-01	-0.535	0.1846	0.0682	0.00E+00
846.975	17.6833	-102.35006	78.484	78	25.794	34.7809	15.053	0.4354	2.39E+00	5.30E-01	-0.475	0.1816	0.0972	0.00E+00
848.683	17.6833	-102.35006	77.478	77	25.7908	34.7805	15.0661	0.4351	2.61E+00	5.80E-01	-0.511	0.1827	0.0968	0.00E+00
851.57	17.6833	-102.35006	76.471	76	25.7886	34.7803	15.0754	0.4346	3.22E+00	6.37E-01	-0.475	0.1819	0.097	0.00E+00
858.843	17.6833	-102.35006	75.465	75	25.7839	34.7793	15.0926	0.4328	3.08E+00	6.92E-01	-0.458	0.1834	0.0858	0.00E+00
936.843	17.6833	-102.35006	74.458	74	25.7572	34.7754	15.1998	0.4314	2.44E+00	7.73E-01	-0.428	0.1921	0.0688	0.00E+00
953.332	17.6833	-102.35006	73.452	73	25.7529	34.7746	15.2166	0.4298	2.38E+00	8.49E-01	-0.457	0.1818	0.0974	0.00E+00
954.586	17.6833	-102.35006	72.446	72	25.7502	34.7734	15.2245	0.4265	2.38E+00	9.12E-01	-0.467	0.1813	0.097	0.00E+00
956.492	17.6833	-102.35006	71.439	71	25.7389	34.7721	15.2708	0.4257	3.18E+00	9.72E-01	0.139	0.1797	0.0969	0.00E+00
962.614	17.6833	-102.35006	70.433	70	25.7067	34.7677	15.3996	0.4115	1.94E+00	1.05E+00	-0.646	0.1778	0.0969	0.00E+00
1069.17	17.6833	-102.35006	69.427	69	25.6526	34.7594	15.6126	0.3895	1.01E+00	1.19E+00	-0.343	0.18	0.0663	0.00E+00
1185.004	17.6833	-102.35006	68.42	68	25.6262	34.7551	15.7154	0.3901	8.27E-01	1.35E+00	-0.314	0.2019	0.0028	0.00E+00
1223.944	17.68331	-102.35006	67.414	67	25.594	34.7493	15.838	0.3872	9.02E-01	1.45E+00	-0.329	0.1729	0.0696	0.00E+00
1270.382	17.68331	-102.35006	66.408	66	25.5777	34.7473	15.9026	0.3874	9.04E-01	1.59E+00	-0.325	0.1712	0.0454	0.00E+00
1326.228	17.68331	-102.35007	65.401	65	25.5669	34.7453	15.9437	0.3872	8.87E-01	1.72E+00	-0.298	0.1929	0.0149	0.00E+00
1366.778	17.6833	-102.35006	64.395	64	25.5584	34.7432	15.9738	0.3914	9.85E-01	1.86E+00	0.134	0.1791	0.0412	0.00E+00
1528.733	17.68332	-102.35006	63.389	63	25.5345	34.7378	16.0597	0.3865	8.54E-01	2.04E+00	-0.04	0.1632	0.0043	0.00E+00
1526.732	17.68332	-102.35006	62.382	62	25.5321	34.7376	16.0695	0.3875	8.25E-01	2.22E+00	-0.383	0.1832	0.0035	0.00E+00
1528.137	17.68332	-102.35006	61.376	61	25.5247	34.7346	16.0919	0.3871	7.93E-01	2.37E+00	0.043	0.1954	0.0037	0.00E+00
1537.924	17.68331	-102.35006	60.37	60	25.508	34.7299	16.1485	0.3898	9.54E-01	2.61E+00	0.293	0.1868	0.0218	0.00E+00
1633.677	17.6833	-102.35005	59.363	59	25.4812	34.7231	16.2422	0.3935	9.46E-01	2.99E+00	0.533	0.2204	0.0445	0.00E+00
1660.337	17.6833	-102.35004	58.357	58	25.4754	34.7218	16.2629	0.4011	1.16E+00	3.26E+00	0.743	0.2576	-0.0007	0.00E+00
1745.909	17.6833	-102.35005	57.351	57	25.4359	34.7105	16.3959	0.401	1.43E+00	3.70E+00	1.753	0.2596	0.0259	0.00E+00
1779.957	17.68329	-102.35006	56.344	56	25.4187	34.7063	16.4557	0.4006	1.66E+00	4.14E+00	1.27	0.2999	0.0037	0.00E+00
1782.363	17.6833	-102.35006	55.338	55	25.3859	34.6973	16.567	0.4114	1.74E+00	4.47E+00	2.019	0.3109	0.0037	0.00E+00
1784.471	17.6833	-102.35006	54.332	54	25.4049	34.7034	16.5053	0.4092	2.19E+00	4.85E+00	1.515	0.3115	0.0158	0.00E+00
1787.409	17.6833	-102.35006	53.326	53	25.3956	34.7007	16.5362	0.4099	2.25E+00	5.42E+00	2.116	0.2727	0.1051	0.00E+00
1789.319	17.6833	-102.35006	52.319	52	25.3872	34.6997	16.5686	0.4185	2.03E+00	5.97E+00	1.922	0.2227	0.0971	0.00E+00
1790.955	17.6833	-102.35006	51.313	51	25.355	34.6919	16.6806	0.4103	2.36E+00	6.59E+00	2.694	0.1892	0.0969	0.00E+00
1793.256	17.6833	-102.35006	50.307	50	25.3192	34.6782	16.7877	0.4107	2.59E+00	7.24E+00	3.263	0.1655	0.0968	0.00E+00
1795.014	17.6833	-102.35006	49.3	49	25.3321	34.6846	16.7545	0.4155	2.06E+00	7.79E+00	2.403	0.1594	0.0968	0.00E+00
1796.386	17.6833	-102.35006	48.294	48	25.3075	34.6848	16.8593	0.4139	1.80E+00	8.45E+00	4.727	0.168	0.097	0.00E+00
1798.052	17.6833	-102.35006	47.288	47	25.1998	34.6529	17.2099	0.4135	1.86E+00	9.23E+00	7.605	0.2001	0.0967	0.00E+00
1799.936	17.6833	-102.35006	46.282	46	25.1413	34.6371	17.4026	0.4233	1.93E+00	1.01E+01	8.011	0.1571	0.0969	0.00E+00
1802.42	17.6833	-102.35006	45.276	45	25.1756	34.648	17.2943	0.4224	2.32E+00	1.11E+01	5.984	0.1587	0.097	0.00E+00
1805.659	17.6833	-102.35006	44.269	44	25.2391	34.6649	17.0826	0.4217	1.91E+00	1.23E+01	6.647	0.1506	0.0969	0.00E+00
1806.87	17.6833	-102.35006	43.263	43	25.108	34.6308	17.5206	0.4175	1.75E+00	1.35E+01	10.933	0.2022	0.0968	0.00E+00
1808.21	17.6833	-102.35006	42.257	42	25.0398	34.6172	17.7581	0.4165	1.93E+00	1.50E+01	13.312	0.1916	0.0969	0.00E+00
1810.125	17.6833	-102.35006	41.251	41	24.9848	34.6023	17.937	0.4196	1.88E+00	1.67E+01	13.702	0.1707	0.097	0.00E+00
1811.931	17.6833	-102.35006	40.245	40	25.0138	34.6115	17.8464	0.4168	2.01E+00	1.82E+01	12.687	0.1762	0.0968	0.00E+00
1814.133	17.6833	-102.35006	39.238	39	25.0166	34.6085	17.8256	0.42	2.13E+00	2.03E+01	11.996	0.1702	0.0925	0.00E+00
1816.397	17.6833	-102.35006	38.232	38	25.0062	34.6198	17.9033	0.4243	1.91E+00	2.20E+01	18.923	0.2356	0.0011	0.00E+00
1817.956	17.6833	-102.35006	37.226	37	24.8418	34.5734	18.4251	0.4217	2.15E+00	2.44E+01	26.043	0.2813	0.0037	0.00E+00
1819.701	17.6833	-102.35006	36.22	36	24.7965	34.5621	18.5703	0.43	2.62E+00	2.69E+01	24.298	0.5814	0.0036	0.00E+00
1822.51	17.6833	-102.35006	35.214	35	24.9204	34.5907	18.1601	0.4267	2.47E+00	2.93E+01	20.773	1.3007	0.0035	0.00E+00
1824.139	17.6833	-102.35006	34.207	34	24.7014	34.5525	18.9191	0.4284	2.34E+00	3.18E+01	38.454	1.9422	0.003	0.00E+00
1825.566	17.6833	-102.35006	33.201	33	24.622	34.5379	19.1852	0.4295	2.50E+00	3.54E+01	43.036	2.3129	0.0026	0.00E+00
1827.757	17.6833	-102.35006	32.195	32	24.5073	34.5177	19.5695	0.4284	2.90E+00	3.80E+01	58.334	2.9042	0.0024	0.00E+00
1829.86	17.6833	-102.35006	31.189	31	24.3298	34.4708	20.1128	0.4305	2.65E+00	4.00E+01	67.968	3.6696	0.0024	0.00E+00
1831.452	17.6833	-102.35006	30.183	30	24.3686	34.4964	20.0435	0.4364	2.92E+00	4.44E+01	76.835	4.2181	0.0024	0.00E+00
1833.159	17.6833	-102.35006	29.176	29	24.188	34.4551	20.6004	0.4395	3.20E+00	4.71E+01	90.226	4.4021	0.0024	0.00E+00
1835.207	17.6833	-102.35006	28.17	28	24.1458	34.4588	20.7679	0.445	3.28E+00	4.88E+01	100.154	4.4017	0.0024	0.00E+00
1837.775	17.6833	-102.35006	27.164	27	23.9929	34.4418	21.2834	0.4454	3.03E+00	4.98E+01	129.429	4.4014	0.0024	0.00E+00
1839.882	17.6833	-102.35007	26.158	26	23.917	34.4566	21.5993	0.4515	3.13E+00	5.38E+01	146.588	4.4017	0.0024	0.00E+00
1841.554	17.6833	-102.35008	25.152	25	23.7163	34.4312	22.2518	0.4517	3.36E+00	5.71E+01	170.453	4.4017	0.0024	0.00E+00
1843.034	17.6833	-102.35008	24.146	24	23.6385	34.4334	22.5323	0.4616	3.33E+00	5.99E+01	173.32	4.4017	0.0024	0.00E+00
1844.905	17.6833	-102.35008	23.14	23	23.644	34.4431	22.5402	0.4674	3.53E+00	6.14E+01	168.048	4.4017	0.0368	0.00E+00
1846.934	17.6833	-102.35008	22.134	22	23.6026	34.447	22.6933	0.4697	3.32E+00	6.21E+01	176.024	4.4021	0.0989	0.00E+00
1848.527	17.6833	-102.35008	21.128	21	23.5495	34.4482	22.8836	0.4715	3.49E+00	6.67E+01	180.232	4.3065	0.0965	0.00E+00
1851.491	17.6833	-102.35008	20.121	20	23.2886	34.4675	23.8331	0.4714	2.70E+00	6.79E+01	195.981	1.8903	0.0967	0.00E+00
1853.064	17.6833	-102.35008	19.115	19	23.3728	34.4612	23.5281	0.4728	1.98E+00	7.12E+01	195.906	1.1385	0.0965	0.00E+00
1854.17	17.6833	-102.35006	18.109	18	23.2678	34.4886	23.9553	0.4717	1.79E+00	7.66E+01	196.748	0.9183	0.0965	0.00E+00
1856.586	17.6833	-102.35007	17.103	17	23.0709	34.4954	24.6326	0.4588	1.50E+00	8.12E+01	203.02	0.6361	0.0966	0.00E+00
1858.958	17.6833	-102.35008	16.097	16	23.0456	34.5054	24.7445	0.4579	1.07E+00	8.53E+01	197.708	0.5288	0.0966	0.00E+00
1860.486	17.6833	-102.35008	15.091	15	23.2096	34.5071	24.1987	0.455	1.16E+00	8.98E+01	198.893	0.5253	0.0966	0.00E+00
1863.18	17.6833	-102.35008	14.085	14	22.9457	34.5163	25.0995	0.4509	1.21E+00	9.55E+01	209.037	0.5121	0.0966	0.00E+00
1866.325	17.6833	-102.35006	13.078	13	22.8252	34.5329	25.5359	0.4517	1.03E+00	9.98E+01	206.223	0.5179	0.0966	0.00E+00
1871.924	17.6833	-102.35006	12.072	12	22.6576	34.5464	26.1111	0.4522	8.23E-01	1.03E+02	201.9	0.561	0.0966	0.00E+00
1877.022	17.68329	-102.35006	11.066	11	22.5132	34.5948	26.6857	0.4429	6.82E-01	1.05E+02	199.878	2.0961	0.0109	0.00E+00
1889.813	17.6833	-102.35006	10.061	10	22.4587	34.6155	26.9057	0.4299	6.59E-01	1.10E+02	198.756	3.6939	0.0236	0.00E+00
2036.942	17.68328	-102.35006	9.054	9	22.334	34.6554	27.3899	0.4301	6.23E-01	1.28E+02	197.487	0.5793	0.0952	0.00E+00
2054.895	17.68328	-102.35006	8.048	8	22.3297	34.6567	27.4059	0.4296	5.97E-01	1.50E+02	197.251	0.4435	0.0697	0.00E+00
2055.833	17.68328	-102.35006	7.042	7	22.3331	34.6569	27.3957	0.4298	5.85E-01	1.50E+02	197.078	0.7045	0.0044	0.00E+00
2057.901	17.68328	-102.35006	6.036	6	22.3347	34.6569	27.3906	0.433	5.80E-01	1.66E+02	197.532	3.6173	0.0025	0.00E+00
2060.149	17.68328	-102.35006	5.03	5	22.333	34.6565	27.3944	0.4316	5.78E-01	1.82E+02	198.327	4.4201	0.0024	0.00E+00
2062.881	17.68328	-102.35006	4.024	4	22.3306	34.6567	27.4022	0.4317	5.98E-01	1.94E+02	198.116	4.4189	0.0024	0.00E+00
2067.958	17.68328	-102.35006	3.018	3	22.3274	34.6568	27.4121	0.4282	5.49E-01	2.11E+02	197.326	4.4192	0.0024	0.00E+00
2071.213	17.68328	-102.35006	2.012	2	22.3325	34.6571	27.3968	0.4292	5.31E-01	2.42E+02	197.607	4.4194	0.0024	0.00E+00
2084.387	17.68328	-102.35005	1.006	1	22.3269	34.6569	27.4136	0.4316	5.27E-01	6.36E+02	198.03	4.4208	0.0629	0.00E+00