				depth		Salinity	Temp 							
537.061	10.00004	-112.99994	254.598	253	26.6017	34.7229	10.7971	0.3306	3.41E-01	1.00E-12	1.238	0.7767	0.1093	0.00E+00
557.288	10.00002	-112.99996	253.595	252	26.6006	34.7226	10.802	0.3308	3.39E-01	1.00E-12	1.1	0.7732	0.0224	0.00E+00
562.965	10.00002	-112.99996	252.586	251	26.5999	34.7228	10.8069	0.3307	3.42E-01	1.00E-12	1.036	0.7779	0.0025	0.00E+00
565.374	10.00002	-112.99996	251.568	250	26.5981	34.723	10.8174	0.3303	3.42E-01	1.00E-12	0.833	0.7838	0.0011	0.00E+00
566.592	10.00002	-112.99996	250.559	249	26.5991	34.7229	10.8114	0.3305	3.39E-01	1.00E-12	1.036	0.788	0.0012	0.00E+00
567.378	10.00002	-112.99996	249.554	248	26.5974	34.7235	10.8239	0.3301	3.45E-01	1.00E-12	1.058	0.7886	0.0012	0.00E+00
568.093	10.00002	-112.99996	248.56	247	26.5945	34.7246	10.8446	0.3307	3.41E-01	1.00E-12	0.982	0.7909	0.0011	0.00E+00
568.899	10.00002	-112.99996	247.552	246	26.5924	34.7249	10.8574	0.3307	3.38E-01	1.00E-12	0.977	0.7933	0.001	0.00E+00
569.976	10.00002	-112.99996	246.546	245	26.5924	34.7241	10.8536	0.3308	3.38E-01	1.00E-12	1.139	0.7947	0.0011	0.00E+00
571.377	10.00002	-112.99996	245.529	244	26.5938	34.7249	10.8495	0.3308	3.43E-01	1.00E-12	1.029	0.7969	0.0011	0.00E+00
572.535	10.00002	-112.99996	244.523	243	26.5942	34.7241	10.8435	0.33	3.39E-01	1.00E-12	1.048	0.7976	0.0012	0.00E+00
573.482	10.00002	-112.99996	243.518	242	26.5952	34.7255	10.8441	0.3304	3.39E-01	1.00E-12	1.143	0.7992	0.0011	0.00E+00
574.44	10.00002	-112.99996	242.516	241	26.5885	34.7266	10.8861	0.331	3.42E-01	1.00E-12	1.537	0.8014	0.0012	0.00E+00
575.596	10.00002	-112.99996	241.506	240	26.5857	34.7276	10.9058	0.3326	3.41E-01	1.00E-12	1.567	0.805	0.0012	0.00E+00
576.766	10.00002	-112.99996	240.492	239	26.5841	34.7272	10.9134	0.3317	3.41E-01	1.00E-12	1.704	0.8075	0.0011	0.00E+00
577.68	10.00002	-112.99996	239.488	238	26.5857	34.7283	10.9086	0.3308	3.42E-01	1.00E-12	1.606	0.8109	0.0012	0.00E+00
578.48	10.00002	-112.99996	238.484	237	26.5814	34.7299	10.9391	0.3309	3.44E-01	1.00E-12	2.046	0.8131	0.0012	0.00E+00
579.287	10.00002	-112.99996	237.482	236	26.5778	34.7312	10.965	0.331	3.39E-01	1.00E-12	2.457	0.8166	0.0012	0.00E+00
580.197	10.00002	-112.99996	236.478	235	26.5768	34.732	10.9736	0.3318	3.40E-01	1.00E-12	2.592	0.8213	0.0011	0.00E+00
581.27	10.00002	-112.99996	235.466	234	26.5755	34.7323	10.9819	0.3314	3.41E-01	1.00E-12	2.469	0.8258	0.0012	0.00E+00
582.434	10.00002	-112.99996	234.455	233	26.5797	34.7327	10.9604	0.3328	3.39E-01	1.00E-12	2.161	0.8325	0.0012	0.00E+00
583.481	10.00002	-112.99996	233.45	232	26.5816	34.7321	10.9471	0.3323	3.49E-01	1.00E-12	2.21	0.8381	0.0012	0.00E+00
584.415	10.00002	-112.99996	232.442	231	26.5745	34.7348	10.9985	0.3318	3.41E-01	1.00E-12	2.483	0.8422	0.0012	0.00E+00
585.308	10.00002	-112.99996	231.439	230	26.5655	34.735	11.0488	0.332	3.40E-01	1.00E-12	2.929	0.8468	0.0011	0.00E+00
586.26	10.00002	-112.99996	230.434	229	26.5635	34.7357	11.0626	0.3319	3.38E-01	1.00E-12	2.971	0.8511	0.0012	0.00E+00
587.381	10.00002	-112.99996	229.424	228	26.5614	34.7372	11.081	0.3316	3.39E-01	1.00E-12	2.948	0.8549	0.0011	0.00E+00
588.547	10.00002	-112.99996	228.412	227	26.5616	34.7371	11.0791	0.331	3.38E-01	1.00E-12	2.905	0.8571	0.0141	0.00E+00
589.517	10.00002	-112.99996	227.406	226	26.563	34.7378	11.0739	0.3315	3.32E-01	1.00E-12	2.72	0.8455	0.1062	0.00E+00
590.361	10.00002	-112.99996	226.404	225	26.5595	34.7382	11.0951	0.3317	3.38E-01	1.00E-12	2.841	0.8089	0.1044	0.00E+00
591.203	10.00002	-112.99996	225.399	224	26.5563	34.7387	11.1147	0.3314	3.39E-01	1.00E-12	2.749	0.7836	0.1046	0.00E+00
592.136	10.00002	-112.99996	224.395	223	26.5548	34.7383	11.1211	0.3317	3.37E-01	1.00E-12	2.481	0.7721	0.1046	0.00E+00
593.275	10.00002	-112.99996	223.385	222	26.5562	34.7381	11.1125	0.3317	3.40E-01	1.00E-12	2.573	0.7695	0.1046	0.00E+00
594.48	10.00002	-112.99996	222.375	221	26.5586	34.7393	11.104	0.3314	3.40E-01	1.00E-12	2.624	0.7645	0.1046	0.00E+00
595.523	10.00002	-112.99996	221.365	220	26.5596	34.7401	11.1019	0.3321	3.37E-01	1.00E-12	2.56	0.7647	0.1046	0.00E+00
596.403	10.00002	-112.99996	220.36	219	26.5511	34.7408	11.1517	0.335	3.37E-01	1.00E-12	2.579	0.7639	0.1045	0.00E+00
597.23	10.00002	-112.99996	219.356	218	26.545	34.7413	11.1867	0.331	3.46E-01	1.00E-12	2.535	0.7645	0.1047	0.00E+00
598.056	10.00002	-112.99996	218.351	217	26.5415	34.7418	11.2085	0.3307	3.40E-01	1.00E-12	2.589	0.7644	0.1046	0.00E+00
598.925	10.00002	-112.99996	217.345	216	26.5413	34.7426	11.213	0.3308	3.33E-01	1.00E-12	2.432	0.7643	0.1045	0.00E+00
599.892	10.00002	-112.99996	216.342	215	26.5409	34.7409	11.2076	0.3308	3.34E-01	1.00E-12	2.3	0.7633	0.1045	0.00E+00
601.402	10.00002	-112.99996	215.33	214	26.5458	34.7417	11.1838	0.3308	3.38E-01	1.00E-12	2.394	0.7629	0.1045	0.00E+00
603.133	10.00002	-112.99996	214.31	213	26.5509	34.7422	11.1581	0.3308	3.36E-01	1.00E-12	2.587	0.7617	0.1044	0.00E+00
604.021	10.00002	-112.99996	213.309	212	26.5445	34.745	11.2051	0.3307	3.40E-01	1.00E-12	2.962	0.7624	0.1043	0.00E+00
604.74	10.00002	-112.99996	212.307	211	26.5352	34.7451	11.2559	0.3309	3.35E-01	1.00E-12	3.095	0.7621	0.1044	0.00E+00
605.447	10.00002	-112.99996	211.302	210	26.527	34.7481	11.3138	0.3308	3.33E-01	1.00E-12	3.425	0.7626	0.1045	0.00E+00
606.205	10.00002	-112.99996	210.303	209	26.522	34.7484	11.3419	0.3314	3.33E-01	1.00E-12	3.645	0.7636	0.1045	0.00E+00
607.072	10.00002	-112.99996	209.291	208	26.5221	34.7486	11.3421	0.3319	3.37E-01	1.00E-12	3.519	0.7639	0.1044	0.00E+00
608.032	10.00002	-112.99996	208.281	207	26.5271	34.7505	11.3229	0.3311	3.38E-01	1.00E-12	3.511	0.7639	0.1046	0.00E+00
608.983	10.00002	-112.99996	207.273	206	26.5286	34.7475	11.3022	0.3313	3.33E-01	1.00E-12	3.243	0.764	0.1044	0.00E+00
609.902	10.00002	-112.99996	206.27	205	26.5272	34.748	11.3113	0.3318	3.37E-01	1.00E-12	3.215	0.7645	0.1046	0.00E+00
610.842	10.00002	-112.99996	205.264	204	26.5176	34.7519	11.38	0.3317	3.38E-01	1.00E-12	3.598	0.764	0.1046	0.00E+00
611.876	10.00002	-112.99996	204.258	203	26.5117	34.7539	11.4204	0.3316	3.35E-01	1.00E-12	3.541	0.7643	0.1044	0.00E+00
613.142	10.00004	-112.99996	203.255	202	26.5145	34.7515	11.3948	0.3318	3.39E-01	1.00E-12	3.337	0.7639	0.1045	0.00E+00
614.788	10.00004	-112.99996	202.236	201	26.5261	34.7515	11.3318	0.3316	3.37E-01	1.00E-12	3.262	0.7635	0.1045	0.00E+00
616.013	10.00004	-112.99996	201.226	200	26.5209	34.7558	11.3782	0.331	3.30E-01	1.00E-12	3.092	0.7637	0.1044	0.00E+00
616.843	10.00004	-112.99996	200.224	199	26.5012	34.7544	11.4787	0.3315	3.38E-01	1.00E-12	2.992	0.7661	0.1043	0.00E+00
617.6	10.00004	-112.99996	199.227	198	26.4953	34.7545	11.5106	0.3311	3.38E-01	1.00E-12	2.814	0.7649	0.1043	0.00E+00
618.422	10.00004	-112.99996	198.218	197	26.4958	34.7551	11.5104	0.3311	3.37E-01	1.00E-12	2.911	0.7649	0.0995	0.00E+00
619.348	10.00003	-112.99996	197.211	196	26.4955	34.756	11.5154	0.3313	3.35E-01	1.00E-12	2.97	0.7685	0.0039	0.00E+00
620.346	10.00002	-112.99996	196.199	195	26.4959	34.7563	11.5147	0.3315	3.30E-01	1.00E-12	2.714	0.7663	0.0011	0.00E+00
621.278	10.00002	-112.99996	195.192	194	26.4986	34.7574	11.5048	0.331	3.39E-01	1.00E-12	2.815	0.7743	0.0012	0.00E+00
622.115	10.00003	-112.99996	194.187	193	26.4952	34.7581	11.5258	0.3309	3.38E-01	1.00E-12	3.161	0.7838	0.0012	0.00E+00
622.946	10.00004	-112.99996	193.186	192	26.4919	34.7587	11.546	0.3314	3.40E-01	1.00E-12	3.376	0.7947	0.0011	0.00E+00
623.862	10.00004	-112.99996	192.177	191	26.4905	34.7591	11.5553	0.3315	3.29E-01	1.00E-12	3.293	0.8068	0.0012	0.00E+00
624.896	10.00004	-112.99996	191.17	190	26.4884	34.76	11.5701	0.3312	3.35E-01	1.00E-12	3.248	0.8175	0.0012	0.00E+00
626.052	10.00004	-112.99996	190.164	189	26.4872	34.7595	11.574	0.3309	3.32E-01	1.00E-12	3.396	0.8293	0.0012	0.00E+00
627.237	10.00004	-112.99996	189.156	188	26.4975	34.7642	11.5387	0.3316	3.35E-01	1.00E-12	3.15	0.8399	0.0012	0.00E+00
628.401	10.00004	-112.99996	188.148	187	26.4919	34.761	11.555	0.3317	3.33E-01	1.00E-12	3.342	0.848	0.0012	0.00E+00
629.582	10.00004	-112.99998	187.142	186	26.4884	34.7617	11.5767	0.3318	3.37E-01	1.00E-12	3.463	0.8568	0.0011	0.00E+00
630.747	10.00004	-112.99998	186.133	185	26.4849	34.7626	11.5986	0.3318	3.37E-01	1.00E-12	3.634	0.8665	0.0012	0.00E+00
631.749	10.00004	-112.99998	185.125	184	26.4827	34.7626	11.6106	0.3316	3.32E-01	1.00E-12	3.769	0.8707	0.0012	0.00E+00
632.61	10.00004	-112.99997	184.118	183	26.4805	34.7637	11.6269	0.331	3.36E-01	1.00E-12	3.563	0.874	0.0012	0.00E+00
633.395	10.00004	-112.99996	183.116	182	26.4771	34.7646	11.6486	0.3317	3.32E-01	1.00E-12	3.465	0.878	0.0012	0.00E+00
634.149	10.00004	-112.99996	182.106	181	26.4739	34.7655	11.6689	0.3318	3.35E-01	1.00E-12	3.514	0.881	0.0011	0.00E+00
634.883	10.00004	-112.99996	181.104	180	26.4729	34.7656	11.6747	0.3314	3.29E-01	1.00E-12	3.554	0.8833	0.0011	0.00E+00
635.642	10.00004	-112.99996	180.099	179	26.4709	34.7673	11.6928	0.3317	3.32E-01	1.00E-12	3.497	0.8858	0.0012	0.00E+00
636.49	10.00004	-112.99996	179.099	178	26.4714	34.7659	11.6836	0.3318	3.33E-01	1.00E-12	3.392	0.8887	0.0012	0.00E+00
637.696	10.00004	-112.99996	178.089	177	26.476	34.7659	11.6591	0.3319	3.37E-01	1.00E-12	3.57	0.8909	0.0011	0.00E+00
639.43	10.00004	-112.99996	177.072	176	26.4766	34.7658	11.6557	0.3323	3.34E-01	1.00E-12	3.567	0.8909	0.0011	0.00E+00
640.71	10.00004	-112.99996	176.066	175	26.4787	34.7667	11.6481	0.3321	3.32E-01	1.00E-12	3.473	0.8926	0.0012	0.00E+00
641.688	10.00004	-112.99996	175.064	174	26.4694	34.769	11.7069	0.3318	3.34E-01	1.00E-12	3.284	0.8907	0.0011	0.00E+00
642.705	10.00004	-112.99997	174.057	173	26.4562	34.7695	11.7789	0.3313	3.36E-01	1.00E-12	3.361	0.8921	0.0011	0.00E+00
643.728	10.00004	-112.99998	173.045	172	26.4553	34.7718	11.7936	0.3316	3.32E-01	1.00E-12	3.416	0.8907	0.0012	0.00E+00
644.613	10.00004	-112.99998	172.04	171	26.4523	34.7721	11.8107	0.3317	3.37E-01	1.00E-12	3.43	0.8927	0.0012	0.00E+00
645.423	10.00004	-112.99998	171.041	170	26.4474	34.7735	11.8422	0.3312	3.32E-01	1.00E-12	3.43	0.8931	0.0011	0.00E+00
646.251	10.00004	-112.99997	170.033	169	26.4437	34.774	11.8634	0.331	3.36E-01	1.00E-12	3.426	0.8935	0.0012	0.00E+00
647.13	10.00004	-112.99996	169.026	168	26.443	34.7746	11.8695	0.3313	3.38E-01	1.00E-12	3.442	0.8951	0.0012	0.00E+00
648.014	10.00004	-112.99996	168.013	167	26.4434	34.7758	11.872	0.3318	3.32E-01	1.00E-12	3.379	0.8956	0.0012	0.00E+00
648.821	10.00004	-112.99996	167.009	166	26.4422	34.7757	11.8779	0.3316	3.30E-01	1.00E-12	3.378	0.8895	0.0599	0.00E+00
649.603	10.00004	-112.99996	166.011	165	26.4396	34.7763	11.8939	0.3312	3.33E-01	1.00E-12	3.443	0.8654	0.1044	0.00E+00
650.533	10.00004	-112.99996	165.007	164	26.4392	34.7762	11.8957	0.3315	3.46E-01	1.00E-12	3.349	0.8068	0.1044	0.00E+00
652.146	10.00004	-112.99997	163.992	163	26.4474	34.7756	11.8495	0.3314	3.36E-01	1.00E-12	3.311	0.7697	0.1046	0.00E+00
653.907	10.00004	-112.99998	162.977	162	26.4431	34.7748	11.8689	0.3314	3.32E-01	1.00E-12	2.949	0.7573	0.1045	0.00E+00
654.884	10.00004	-112.99998	161.975	161	26.4404	34.7768	11.8911	0.3382	3.35E-01	1.00E-12	2.967	0.7598	0.1046	0.00E+00
655.743	10.00004	-112.99998	160.974	160	26.4338	34.777	11.9269	0.3349	3.37E-01	1.00E-12	2.502	0.7586	0.1045	0.00E+00
656.642	10.00004	-112.99996	159.969	159	26.4299	34.7776	11.95	0.331	3.33E-01	1.00E-12	2.235	0.7579	0.1046	0.00E+00
657.637	10.00004	-112.99996	158.96	158	26.4267	34.7772	11.9648	0.331	3.33E-01	1.00E-12	2.107	0.7579	0.1046	0.00E+00
658.621	10.00004	-112.99997	157.946	157	26.4256	34.7782	11.9746	0.3308	3.30E-01	1.00E-12	2.096	0.758	0.1045	0.00E+00
659.448	10.00004	-112.99998	156.941	156	26.4263	34.778	11.9702	0.3309	3.35E-01	1.00E-12	1.91	0.7564	0.1047	0.00E+00
660.187	10.00004	-112.99996	155.942	155	26.4218	34.7793	11.9986	0.3308	3.33E-01	1.00E-12	1.896	0.7557	0.1045	0.00E+00
660.958	10.00004	-112.99996	154.935	154	26.417	34.7795	12.0249	0.3308	3.36E-01	1.00E-12	1.86	0.7567	0.1045	0.00E+00
661.89	10.00004	-112.99996	153.936	153	26.414	34.7791	12.0388	0.3309	3.33E-01	1.00E-12	1.676	0.7559	0.1046	0.00E+00
663.158	10.00004	-112.99996	152.922	152	26.4187	34.7804	12.019	0.3309	3.35E-01	1.00E-12	1.692	0.7557	0.1047	0.00E+00
664.494	10.00004	-112.99996	151.91	151	26.4209	34.7798	12.005	0.3309	3.38E-01	1.00E-12	1.93	0.756	0.1045	0.00E+00
665.547	10.00004	-112.99998	150.904	150	26.4182	34.7819	12.0274	0.3307	3.32E-01	1.00E-12	1.565	0.7562	0.1046	0.00E+00
666.509	10.00004	-112.99998	149.904	149	26.4066	34.7833	12.0938	0.331	3.33E-01	1.00E-12	1.123	0.7568	0.1045	0.00E+00
667.519	10.00004	-112.99998	148.895	148	26.3921	34.7824	12.1653	0.3308	3.30E-01	6.39E-05	0.696	0.7568	0.1045	0.00E+00
668.513	10.00004	-112.99998	147.884	147	26.3907	34.7831	12.1757	0.3302	3.31E-01	1.23E-03	0.536	0.757	0.1047	0.00E+00
669.409	10.00004	-112.99998	146.882	146	26.3887	34.7842	12.1899	0.3362	3.31E-01	4.53E-03	0.575	0.757	0.1049	0.00E+00
670.281	10.00004	-112.99998	145.875	145	26.3845	34.7856	12.2171	0.3316	3.33E-01	5.55E-03	0.618	0.7579	0.1046	0.00E+00
671.197	10.00004	-112.99997	144.876	144	26.3764	34.7871	12.2658	0.3308	3.31E-01	7.77E-03	0.528	0.7587	0.1046	0.00E+00
672.297	10.00004	-112.99996	143.867	143	26.3749	34.7901	12.2852	0.331	3.32E-01	6.84E-03	0.524	0.7595	0.1045	0.00E+00
673.596	10.00004	-112.99996	142.854	142	26.3618	34.7856	12.335	0.3313	3.35E-01	6.32E-03	0.296	0.7585	0.1045	0.00E+00
674.672	10.00004	-112.99996	141.845	141	26.375	34.7883	12.2769	0.3313	3.31E-01	7.13E-03	0.314	0.7592	0.1045	0.00E+00
675.551	10.00004	-112.99996	140.842	140	26.3578	34.7925	12.3826	0.3318	3.38E-01	1.06E-02	0.184	0.7551	0.1047	0.00E+00
676.385	10.00004	-112.99996	139.841	139	26.3414	34.7896	12.4551	0.333	3.38E-01	1.48E-02	-0.087	0.7594	0.1049	0.00E+00
677.283	10.00004	-112.99998	138.833	138	26.34	34.79	12.4641	0.3332	3.47E-01	1.78E-02	-0.097	0.7619	0.1047	0.00E+00
678.312	10.00004	-112.99998	137.828	137	26.3415	34.7907	12.4585	0.3335	3.46E-01	2.01E-02	0.02	0.7607	0.0855	0.00E+00
679.503	10.00004	-112.99996	136.817	136	26.3523	34.7964	12.4261	0.3331	3.52E-01	1.93E-02	0.183	0.7677	-0.0005	0.00E+00
680.593	10.00004	-112.99996	135.809	135	26.3468	34.793	12.4401	0.334	3.47E-01	2.28E-02	-0.046	0.7629	0.0011	0.00E+00
681.576	10.00004	-112.99996	134.808	134	26.3333	34.7936	12.5121	0.3335	3.57E-01	2.60E-02	-0.199	0.7632	0.0012	0.00E+00
682.656	10.00004	-112.99996	133.8	133	26.3217	34.793	12.5686	0.3348	3.63E-01	2.78E-02	-0.005	0.7637	0.0012	0.00E+00
683.819	10.00004	-112.99996	132.791	132	26.3164	34.7942	12.6001	0.3351	3.72E-01	2.97E-02	-0.015	0.764	0.0012	0.00E+00
684.846	10.00004	-112.99996	131.78	131	26.3161	34.7945	12.6025	0.3351	3.71E-01	3.33E-02	0.088	0.7641	0.0012	0.00E+00
685.673	10.00004	-112.99996	130.778	130	26.3114	34.7972	12.6371	0.3351	3.60E-01	3.77E-02	0.206	0.7647	0.0012	0.00E+00
686.417	10.00004	-112.99996	129.773	129	26.2993	34.7964	12.6949	0.3348	3.71E-01	4.00E-02	0.187	0.7672	0.0012	0.00E+00
687.161	10.00004	-112.99996	128.771	128	26.2933	34.7962	12.7249	0.3337	3.78E-01	4.47E-02	0.357	0.7699	0.0012	0.00E+00
687.974	10.00004	-112.99996	127.768	127	26.2917	34.7967	12.7347	0.3338	3.97E-01	4.83E-02	0.508	0.7704	0.0012	0.00E+00
689.019	10.00004	-112.99996	126.76	126	26.2928	34.796	12.7259	0.3337	4.30E-01	5.13E-02	0.294	0.7726	0.0012	0.00E+00
690.372	10.00004	-112.99996	125.746	125	26.3072	34.8004	12.6702	0.3342	4.45E-01	5.46E-02	0.076	0.7728	0.0011	0.00E+00
691.541	10.00004	-112.99996	124.739	124	26.3084	34.7994	12.6603	0.3338	4.09E-01	6.02E-02	-0.023	0.7764	0.0012	0.00E+00
692.509	10.00004	-112.99996	123.737	123	26.2901	34.7995	12.753	0.3341	4.13E-01	6.56E-02	0.023	0.7758	0.0012	0.00E+00
693.524	10.00004	-112.99996	122.736	122	26.2607	34.7954	12.8852	0.334	4.31E-01	7.20E-02	0.081	0.7775	0.0012	0.00E+00
694.921	10.00004	-112.99996	121.724	121	26.2578	34.795	12.8976	0.3343	4.60E-01	7.80E-02	0.071	0.7784	0.0011	0.00E+00
696.297	10.00004	-112.99996	120.708	120	26.2549	34.8004	12.9333	0.3344	4.27E-01	8.44E-02	-0.09	0.7789	0.0012	0.00E+00
697.178	10.00004	-112.99996	119.7	119	26.2525	34.7969	12.9313	0.3339	4.32E-01	9.11E-02	-0.359	0.7765	0.0012	0.00E+00
697.869	10.00004	-112.99996	118.706	118	26.238	34.8014	13.0215	0.3339	4.51E-01	9.90E-02	-0.324	0.7747	0.0012	0.00E+00
698.552	10.00004	-112.99996	117.699	117	26.2166	34.7976	13.1131	0.3344	5.02E-01	1.07E-01	-0.15	0.7829	0.0011	0.00E+00
699.254	10.00004	-112.99996	116.696	116	26.1838	34.7998	13.2832	0.335	5.59E-01	1.16E-01	-0.091	0.7819	0.0012	0.00E+00
700.033	10.00004	-112.99996	115.693	115	26.1573	34.7857	13.3599	0.3359	6.22E-01	1.27E-01	-0.176	0.7864	0.0012	0.00E+00
700.996	10.00004	-112.99996	114.688	114	26.1877	34.7926	13.2366	0.3361	6.81E-01	1.37E-01	-0.294	0.7869	0.0011	0.00E+00
703.841	10.00004	-112.99996	113.673	113	26.1544	34.7943	13.4055	0.3395	5.99E-01	1.50E-01	-0.344	0.7845	0.0012	0.00E+00
706.615	10.00004	-112.99996	112.666	112	26.1347	34.7966	13.5112	0.3458	6.11E-01	1.63E-01	-0.369	0.7839	0.0012	0.00E+00
710.048	10.00004	-112.99996	111.67	111	26.0695	34.7832	13.7766	0.3451	8.44E-01	1.79E-01	-0.34	0.7801	0.0354	0.00E+00
957.919	10.00002	-112.99996	110.654	110	26.1228	34.799	13.5777	0.3453	8.17E-01	1.95E-01	-0.549	0.6686	0.1103	0.00E+00
978.24	10.00002	-112.99996	109.647	109	26.1212	34.7995	13.5876	0.3447	8.22E-01	2.14E-01	-0.568	0.6658	0.0235	0.00E+00
982.411	10.00002	-112.99996	108.629	108	26.1171	34.7993	13.6064	0.3442	7.45E-01	2.31E-01	-0.616	0.6613	-0.0002	0.00E+00
983.141	10.00002	-112.99996	107.64	107	26.1103	34.7982	13.6353	0.3445	7.99E-01	2.49E-01	-0.652	0.6646	0.0011	0.00E+00
984.071	10.00002	-112.99996	106.632	106	26.1004	34.7958	13.6736	0.3452	8.88E-01	2.73E-01	-0.512	0.6634	0.0011	0.00E+00
985.092	10.00002	-112.99996	105.626	105	26.0868	34.793	13.7288	0.3464	1.03E+00	2.98E-01	-0.579	0.6672	0.0012	0.00E+00
986.22	10.00002	-112.99996	104.619	104	26.0866	34.7924	13.7277	0.3479	1.10E+00	3.22E-01	-0.592	0.6651	0.0012	0.00E+00
987.394	10.00002	-112.99996	103.612	103	26.0911	34.7944	13.7133	0.3489	1.14E+00	3.51E-01	-0.604	0.6674	0.0012	0.00E+00
988.646	10.00001	-112.99996	102.605	102	26.0954	34.7961	13.6988	0.3509	1.22E+00	3.82E-01	-0.772	0.6667	0.0012	0.00E+00
989.814	10.00002	-112.99996	101.596	101	26.0728	34.792	13.7923	0.3513	1.11E+00	4.18E-01	-0.609	0.6648	0.0012	0.00E+00
990.758	10.00001	-112.99996	100.595	100	26.0275	34.7839	13.9791	0.3525	1.19E+00	4.57E-01	-0.727	0.6706	0.0012	0.00E+00
991.81	10	-112.99996	99.593	99	26.0221	34.7872	14.0172	0.3546	1.50E+00	5.04E-01	-0.376	0.6711	0.0012	0.00E+00
993.443	10.00002	-112.99996	98.585	98	25.9935	34.7745	14.1059	0.3547	1.62E+00	5.61E-01	-0.581	0.6719	0.0012	0.00E+00
995.999	10.00002	-112.99997	97.571	97	25.9517	34.767	14.275	0.3533	1.86E+00	6.34E-01	-0.418	0.6806	0.0012	0.00E+00
997.579	10.00002	-112.99998	96.563	96	25.9109	34.7544	14.4213	0.3555	1.42E+00	6.93E-01	-0.512	0.6664	0.0012	0.00E+00
998.668	10.00002	-112.99998	95.567	95	25.9463	34.7764	14.3349	0.3569	1.61E+00	7.62E-01	-0.238	0.6785	0.0012	0.00E+00
1000.438	10.00002	-112.99998	94.559	94	25.9124	34.7644	14.4502	0.3574	2.05E+00	8.61E-01	-0.339	0.6821	0.0011	0.00E+00
1002.917	10.00002	-112.99998	93.548	93	25.882	34.7584	14.5701	0.3622	2.84E+00	9.49E-01	-0.174	0.6862	0.0012	0.00E+00
1004.827	10.00002	-112.99998	92.545	92	25.885	34.7628	14.5722	0.3632	2.56E+00	1.02E+00	-0.346	0.6795	0.0011	0.00E+00
1006.577	10.00002	-112.99998	91.535	91	25.8788	34.7658	14.6117	0.3652	1.95E+00	1.11E+00	-0.203	0.6884	0.0012	0.00E+00
1007.912	10.00002	-112.99998	90.531	90	25.7504	34.7437	15.1216	0.3653	2.01E+00	1.22E+00	0.674	0.6846	0.0649	0.00E+00
1009.395	10.00002	-112.99998	89.53	89	25.6766	34.7249	15.3904	0.3692	2.14E+00	1.33E+00	0.803	0.6926	0.1015	0.00E+00
1012.755	10.00002	-112.99998	88.517	88	25.5959	34.7114	15.7033	0.3625	1.88E+00	1.50E+00	1.319	0.6966	0.1046	0.00E+00
1015.228	10.00002	-112.99998	87.511	87	25.5989	34.7145	15.7011	0.3593	1.65E+00	1.62E+00	1.129	0.6978	0.1048	0.00E+00
1016.372	10.00002	-112.99998	86.507	86	25.6038	34.7238	15.7103	0.3616	1.65E+00	1.78E+00	1.39	0.6934	0.1048	0.00E+00
1017.498	10.00002	-112.99998	85.504	85	25.5408	34.7089	15.9383	0.359	2.06E+00	1.99E+00	2.141	0.6943	0.1047	0.00E+00
1018.998	10.00002	-112.99998	84.497	84	25.4579	34.6947	16.2515	0.3605	2.73E+00	2.21E+00	3.103	0.7003	0.1046	0.00E+00
1021.184	10.00002	-112.99998	83.492	83	25.3312	34.6696	16.7123	0.3633	2.66E+00	2.44E+00	6.703	0.7079	0.1047	0.00E+00
1026.282	10.00002	-112.99998	82.472	82	25.093	34.615	17.5388	0.3692	2.26E+00	2.80E+00	10.021	0.7539	0.1046	0.00E+00
1027.164	10.00002	-112.99996	81.47	81	25.1777	34.6568	17.3198	0.3694	1.84E+00	2.98E+00	11.893	0.7043	0.1046	0.00E+00
1028.006	10.00002	-112.99996	80.473	80	25.0526	34.6118	17.6948	0.3665	1.86E+00	3.23E+00	15.534	0.7186	0.1048	0.00E+00
1028.925	10.00002	-112.99997	79.473	79	24.9561	34.5883	18.016	0.366	2.07E+00	3.55E+00	17.532	0.7407	0.1046	0.00E+00
1031.59	10.00002	-112.99997	78.46	78	24.8781	34.574	18.287	0.3657	2.10E+00	3.95E+00	19.564	0.7444	0.1046	0.00E+00
1034.465	10.00002	-112.99996	77.452	77	24.8344	34.5656	18.4372	0.3628	1.97E+00	4.29E+00	21.451	0.7518	0.1047	0.00E+00
1036.604	10.00002	-112.99996	76.448	76	24.7747	34.5539	18.6392	0.363	2.04E+00	4.57E+00	24.38	0.7528	0.089	0.00E+00
1039.162	10.00002	-112.99996	75.436	75	24.7536	34.5538	18.7231	0.3577	1.45E+00	4.67E+00	23.088	0.8089	-0.0043	0.00E+00
1040.487	10.00002	-112.99996	74.436	74	24.8171	34.5762	18.5377	0.3613	1.53E+00	4.77E+00	25.233	0.946	0.0011	0.00E+00
1042.482	10.00002	-112.99996	73.43	73	24.7577	34.5574	18.7171	0.3591	1.98E+00	5.11E+00	24.702	1.1842	0.0011	0.00E+00
1044.908	10.00002	-112.99996	72.418	72	24.7552	34.5629	18.7434	0.3537	1.82E+00	5.91E+00	27.761	1.4335	0.0011	0.00E+00
1046.341	10.00002	-112.99996	71.418	71	24.7098	34.5451	18.8696	0.3562	1.81E+00	6.73E+00	26.053	1.5416	0.0011	0.00E+00
1048.356	10.00002	-112.99996	70.41	70	24.7645	34.5659	18.7155	0.3555	2.12E+00	7.65E+00	26.753	1.6945	0.0011	0.00E+00
1050.321	10.00002	-112.99996	69.401	69	24.6713	34.5447	19.0193	0.3575	1.84E+00	8.29E+00	33.66	1.8359	0.0011	0.00E+00
1051.697	10.00004	-112.99996	68.403	68	24.5846	34.5238	19.2962	0.3574	1.65E+00	9.40E+00	34.187	1.9306	0.0012	0.00E+00
1054.369	10.00004	-112.99996	67.389	67	24.6238	34.5268	19.1519	0.3581	1.86E+00	1.06E+01	33.166	2.1183	0.0011	0.00E+00
1056.321	10.00004	-112.99996	66.383	66	24.5413	34.5208	19.4539	0.357	1.61E+00	1.14E+01	46.558	2.2607	0.0012	0.00E+00
1057.374	10.00004	-112.99996	65.383	65	24.3853	34.484	19.9455	0.3565	1.62E+00	1.26E+01	57.619	2.3422	0.0011	0.00E+00
1058.753	10.00004	-112.99996	64.379	64	24.2889	34.4553	20.2278	0.3604	2.01E+00	1.39E+01	52.678	2.5215	0.0011	0.00E+00
1061.115	10.00004	-112.99996	63.366	63	24.2351	34.4523	20.4185	0.3724	2.10E+00	1.50E+01	66.478	3.0047	0.001	0.00E+00
1062.67	10.00004	-112.99996	62.361	62	24.0976	34.4249	20.8566	0.3751	2.37E+00	1.60E+01	70.481	3.3898	0.0011	0.00E+00
1064.047	10.00004	-112.99996	61.358	61	24.1316	34.4348	20.7597	0.3651	2.53E+00	1.77E+01	60.766	3.6997	0.0011	0.00E+00
1066.468	10.00004	-112.99996	60.349	60	23.9191	34.3835	21.3815	0.3717	3.01E+00	2.04E+01	91.245	3.9917	0.0427	0.00E+00
1069.187	10.00004	-112.99996	59.335	59	23.56	34.2971	22.4516	0.3784	2.80E+00	2.25E+01	96.609	2.057	0.1071	0.00E+00
1070.144	10.00004	-112.99996	58.335	58	23.7859	34.3676	21.8364	0.3767	2.69E+00	2.46E+01	103.955	1.1334	0.1042	0.00E+00
1071.055	10.00004	-112.99996	57.339	57	23.5319	34.3021	22.5649	0.3811	2.84E+00	2.79E+01	111.297	0.9868	0.1043	0.00E+00
1072.143	10.00004	-112.99996	56.332	56	23.5112	34.3005	22.6331	0.3831	3.35E+00	3.10E+01	115.256	0.9167	0.1044	0.00E+00
1073.784	10.00004	-112.99995	55.322	55	23.434	34.2831	22.8577	0.3832	3.20E+00	3.33E+01	118.638	0.8811	0.1044	0.00E+00
1076.161	10.00004	-112.99994	54.316	54	23.3556	34.2679	23.0904	0.3888	3.05E+00	3.80E+01	121.77	0.8624	0.1045	0.00E+00
1079.079	10.00004	-112.99996	53.306	53	23.3018	34.2495	23.2285	0.3907	3.22E+00	4.30E+01	118.071	0.8532	0.1045	0.00E+00
1081.008	10.00004	-112.99995	52.301	52	23.4384	34.29	22.86	0.3902	3.58E+00	4.82E+01	115.819	0.8538	0.1046	0.00E+00
1082.641	10.00004	-112.99994	51.296	51	23.2999	34.2466	23.2264	0.3926	3.40E+00	5.20E+01	129.3	0.8555	0.1043	0.00E+00
1084.044	10.00004	-112.99994	50.289	50	23.0214	34.1377	23.8988	0.4015	3.32E+00	5.56E+01	139.161	0.9027	0.1043	0.00E+00
1085.301	10.00004	-112.99994	49.283	49	22.9023	34.102	24.2108	0.4035	3.17E+00	5.97E+01	149.489	0.9077	0.1044	0.00E+00
1086.575	10.00004	-112.99994	48.283	48	22.7271	34.0353	24.6289	0.4061	2.87E+00	6.47E+01	148.352	0.9152	0.1046	0.00E+00
1088.583	10.00004	-112.99994	47.275	47	22.5595	33.9804	25.0431	0.4052	2.07E+00	7.10E+01	170.708	0.9458	0.1044	0.00E+00
1093.613	10.00005	-112.99994	46.26	46	21.7375	33.7719	27.187	0.392	1.31E+00	7.91E+01	183.636	0.9486	0.1043	0.00E+00
1095.197	10.00004	-112.99994	45.254	45	22.0724	33.8694	26.3566	0.3904	1.20E+00	8.26E+01	185.741	0.9267	0.1043	0.00E+00
1096.064	10.00004	-112.99994	44.258	44	21.7774	33.8123	27.1544	0.3956	1.29E+00	8.92E+01	193.2	0.9112	0.1043	0.00E+00
1097.064	10.00004	-112.99994	43.259	43	21.6747	33.7843	27.4096	0.3947	1.19E+00	9.39E+01	192.582	0.9838	0.0856	0.00E+00
1105.052	10.00004	-112.99994	42.243	42	21.5106	33.7702	27.8851	0.3677	7.14E-01	9.92E+01	194.824	3.659	-0.0028	0.00E+00
1143.554	10.00004	-112.99994	41.243	41	21.5302	33.7793	27.8457	0.3675	6.14E-01	9.83E+01	195.832	3.8332	0.0065	0.00E+00
1355.095	10.00003	-112.99996	40.23	40	21.5043	33.7867	27.9427	0.3698	6.05E-01	6.65E+01	198.792	4.0291	0.001	0.00E+00
1355.948	10.00002	-112.99996	39.218	39	21.5046	33.7866	27.9413	0.3705	6.03E-01	7.50E+01	198.638	4.0274	0.001	0.00E+00
1356.941	10.00002	-112.99996	38.22	38	21.5044	33.7865	27.9415	0.3705	6.05E-01	8.22E+01	199.062	4.0273	0.0011	0.00E+00
1358.011	10.00002	-112.99996	37.217	37	21.5042	33.7865	27.9417	0.3697	6.07E-01	8.72E+01	198.37	4.0276	0.0011	0.00E+00
1359.507	10.00002	-112.99996	36.214	36	21.5044	33.7867	27.9413	0.3707	6.61E-01	9.40E+01	198.405	4.0277	0.0011	0.00E+00
1364.007	10.00002	-112.99996	35.192	35	21.5044	33.7867	27.9412	0.3694	6.32E-01	1.02E+02	198.443	4.028	0.0012	0.00E+00
1365.218	10.00002	-112.99996	34.195	34	21.5042	33.7865	27.941	0.3705	6.14E-01	1.23E+02	198.34	4.028	0.0011	0.00E+00
1366.299	10.00002	-112.99996	33.197	33	21.5041	33.7865	27.941	0.3714	6.03E-01	1.29E+02	198.873	4.0281	0.0204	0.00E+00
1368.348	10.00002	-112.99996	32.184	32	21.504	33.7865	27.9411	0.3704	6.26E-01	1.45E+02	198.662	2.9319	0.1053	0.00E+00
1370.445	10.00002	-112.99996	31.176	31	21.5036	33.7863	27.9416	0.3691	6.24E-01	1.46E+02	198.838	1.0137	0.1043	0.00E+00
1371.808	10.00002	-112.99996	30.175	30	21.5037	33.7863	27.9411	0.3733	6.48E-01	1.49E+02	198.706	0.8594	0.1044	0.00E+00
1373.693	10.00002	-112.99996	29.17	29	21.5036	33.7863	27.9412	0.3698	6.59E-01	1.76E+02	199.191	0.8	0.1044	0.00E+00
1376.74	10.00002	-112.99996	28.158	28	21.5034	33.7862	27.9412	0.3701	6.28E-01	1.89E+02	198.543	0.7684	0.1043	0.00E+00
1378.555	10.00002	-112.99996	27.15	27	21.5035	33.7862	27.9407	0.371	6.01E-01	2.21E+02	199.015	0.7641	0.1043	0.00E+00
1379.7	10.00002	-112.99996	26.153	26	21.5034	33.7862	27.9407	0.3717	6.29E-01	1.98E+02	198.885	0.7617	0.1044	0.00E+00
1381.751	10.00002	-112.99996	25.147	25	21.5034	33.7863	27.9407	0.3703	7.94E-01	2.04E+02	198.519	0.7575	0.1045	0.00E+00
1384.951	10.00002	-112.99996	24.13	24	21.5034	33.7865	27.9411	0.3721	5.84E-01	2.45E+02	198.355	0.7504	0.1044	0.00E+00
1385.995	10.00002	-112.99996	23.135	23	21.5033	33.7862	27.9405	0.3712	5.98E-01	2.26E+02	199.07	0.7504	0.1046	0.00E+00
1390.202	10.00002	-112.99996	22.133	22	21.5032	33.7863	27.9407	0.3713	5.85E-01	2.32E+02	198.777	0.7476	0.1045	0.00E+00
1403.086	10.00002	-112.99996	21.125	21	21.5025	33.786	27.9417	0.371	5.96E-01	2.45E+02	198.645	1.1326	0.019	0.00E+00
1541.554	10.00002	-112.99996	20.112	20	21.5034	33.7863	27.9395	0.373	5.53E-01	3.20E+02	198.777	4.0616	0.0009	0.00E+00
1541.315	10.00002	-112.99996	19.114	19	21.5033	33.7863	27.9395	0.3742	5.67E-01	3.27E+02	199.008	4.0325	0.0011	0.00E+00
1543.998	10.00004	-112.99996	18.104	18	21.5032	33.7863	27.9397	0.3744	5.72E-01	3.26E+02	199.079	4.0325	0.0369	0.00E+00
1547.716	10.00004	-112.99996	17.091	17	21.5033	33.7862	27.9389	0.3747	5.51E-01	3.37E+02	199.075	3.4649	0.107	0.00E+00
1548.696	10.00004	-112.99996	16.093	16	21.5034	33.7862	27.9386	0.3736	5.47E-01	3.69E+02	198.826	1.579	0.1041	0.00E+00
1550.101	10.00004	-112.99996	15.094	15	21.5031	33.7863	27.9393	0.3754	5.72E-01	4.48E+02	198.274	0.8906	0.1043	0.00E+00
1554.635	10.00004	-112.99996	14.073	14	21.5031	33.7864	27.9392	0.373	5.41E-01	4.24E+02	198.552	0.6659	0.1043	0.00E+00
1555.632	10.00004	-112.99996	13.076	13	21.5032	33.7862	27.9384	0.3735	5.34E-01	4.23E+02	198.564	0.6863	0.1044	0.00E+00
1556.959	10.00004	-112.99996	12.076	12	21.5025	33.786	27.9399	0.3746	5.44E-01	4.67E+02	198.552	0.6811	0.1045	0.00E+00
1560.018	10.00004	-112.99997	11.062	11	21.5024	33.7861	27.9401	0.3733	5.31E-01	5.06E+02	198.324	0.6743	0.1046	0.00E+00
1562.829	10.00004	-112.99998	10.055	10	21.5024	33.7861	27.9398	0.3736	5.17E-01	5.68E+02	198.869	0.6688	0.1047	0.00E+00
1564.759	10.00004	-112.99998	9.049	9	21.5029	33.786	27.938	0.3737	4.95E-01	5.77E+02	198.828	0.6664	0.1043	0.00E+00
1566.208	10.00004	-112.99997	8.057	8	21.5025	33.786	27.9387	0.374	5.09E-01	7.05E+02	198.155	0.6675	0.1044	0.00E+00
1570.012	10.00004	-112.99998	7.035	7	21.5021	33.786	27.9399	0.373	5.19E-01	6.89E+02	199.2	0.6621	0.1045	0.00E+00
1571.822	10.00004	-112.99997	6.035	6	21.502	33.786	27.94	0.3759	4.67E-01	8.42E+02	198.464	0.6612	0.1045	0.00E+00
1577.742	10.00004	-112.99996	5.033	5	21.5018	33.786	27.9405	0.3742	4.70E-01	8.48E+02	198.767	2.9081	0.0355	0.00E+00
1583.871	10.00004	-112.99996	4.025	4	21.5013	33.7863	27.9423	0.3741	5.69E-01	1.01E+03	198.538	4.0172	0.0016	0.00E+00
1591.222	10.00004	-112.99997	3.017	3	21.5008	33.7863	27.9435	0.3744	4.83E-01	1.01E+03	198.647	4.033	0.0011	0.00E+00
1593.328	10.00004	-112.99996	2.02	2	21.5007	33.7861	27.9433	0.3725	5.14E-01	1.24E+03	198.831	4.033	0.0011	0.00E+00